000000001
111000001
000000001
111000010
000000001
111000011
000000001
111000100
000000001
111000101
000000001
111000110
000000001
111000111
011100111
000111111
011100110
000111111
011100101
000111111
011100100
000111111
011100011
000111111
011100010
000111111
011100001
000111111
011100000
101000000
101001001
101000000
101010010
101011011
101100100
101101101
101110110
101111111
000000001
111000011
101000000
011000000
100011000
000000001
011000001
100011001
000000001
011000010
100011010
000000010
011000100
100011100
000000001
011000101
100011101
000000001
011000110
100011110
000000001
011000111
100011111
011110000
