011000111
000000001
011000110
000000001
011000101
111110001
101111001
101101001
101000000
000000110
011100001
000001000
101001001
111000001
101000000
000000100
100000001
000001011
111000001
101000000
000000111
011100001
111001101
101001001
101000000
010010111
001000100
101101111
000000001
111000111
101000000
010010110
001000111
101101110
111000110
101001001
101000000
101100100
111111100
110110100
101000000
010000100
001000001
001010001
100001100
101000000
111100000
010100010
001000011
101000000
000000001
111000011
111100010
110110100
101000000
111001000
000111000
101101000
000000001
100100100
111100011
101000000
000000001
111000001
100100110
101100100
000000110
111000100
101000000
000101110
000101110
010001100
001000000
101000000
101001001
111000001
101000000
010101010
001000001
111001011
111001010
101000000
000000011
011100010
000000001
011100011
101110110
000000010
011000111
000000001
011000110
101000000
101000000
011110000
