000001000
111000100
101001001
101111111
101000000
101001001
000001111
111000001
101000000
000011111
000011111
010011011
001111110
101001001
111011001
011001111
101000000
000010001
011100011
101000000
101010010
111011010
000000001
111000010
101000000
101001001
000010000
111000001
101000000
000011111
010011010
001000001
011101010
101000000
111010000
011000001
101111001
011011001
101000000
000000100
101010010
111001010
100100010
100000001
100100001
111010001
101000000
010011100
001000001
001000010
101100100
111001100
010011101
001000010
101101101
111001101
101000000
000010000
011000010
101000000
000000001
111000010
000100000
001111000
101000000
000010001
011000011
101000000
000000001
111000011
000100000
000100000
001111001
101000000
000010000
011100100
000000001
011100101
101000000
101000000
011110000
