011000111
000000001
011000110
111110001
101111001
101000000
000000110
011100001
000001001
101001001
111000001
101000000
000000100
100000001
000001011
111000001
101000000
000000111
011100001
111001101
101001001
101000000
010010111
001000011
101101111
000000001
111000111
101000000
010010110
001000011
101101110
000000001
111000110
101010010
101011011
101001001
101100100
101000000
000000111
111000100
101100001
101001100
101100001
000011111
010011100
001111011
101100001
101001100
101100001
101100100
111111100
110110100
101000000
010000100
001000001
001010001
100001100
101000000
111100000
010100010
001000011
101000000
000000001
111000011
111100010
110110100
101000000
111001000
000111000
101101000
000000001
100100100
111100011
101000000
000000001
111000001
100100110
000100000
001110100
101000000
101001001
101000000
000000110
011000001
101000000
010010001
001001011
101101010
101101011
101000000
000000001
101001001
111000001
101000000
010101010
001000001
111001011
111001010
101000000
000000010
011100010
000000001
011100011
101000000
101000000
011110000
